
Velocity(time=1532334000seconds) = 1389.4745700513633 m/s

Velocity(time=1532335268seconds) = 3891.4336413608644 m/s
